frame_1.png,11,631,761,283,305,1,-1,-1,-1
frame_1.png,2,726,88,200,366,1,-1,-1,-1
frame_1.png,18,1180,336,186,479,1,-1,-1,-1
frame_1.png,8,909,256,306,643,1,-1,-1,-1
frame_1.png,7,924,173,229,262,1,-1,-1,-1
frame_1.png,15,674,442,267,402,1,-1,-1,-1
frame_1.png,3,934,27,111,152,1,-1,-1,-1
frame_1.png,1,1279,74,102,208,1,-1,-1,-1
frame_1.png,17,1397,74,89,296,1,-1,-1,-1
frame_1.png,20,1474,126,102,316,1,-1,-1,-1
frame_1.png,5,1536,241,84,222,1,-1,-1,-1
frame_1.png,16,1372,455,141,366,1,-1,-1,-1
frame_1.png,10,1153,660,281,382,1,-1,-1,-1
frame_1.png,14,1444,771,206,294,1,-1,-1,-1
frame_1.png,19,1591,647,147,283,1,-1,-1,-1
frame_1.png,22,1555,360,161,348,1,-1,-1,-1
frame_2.png,11,629,759,281,305,1,-1,-1,-1
frame_2.png,18,1171,385,211,438,1,-1,-1,-1
frame_2.png,7,803,144,154,323,1,-1,-1,-1
frame_2.png,2,748,99,116,163,1,-1,-1,-1
frame_2.png,3,936,35,120,186,1,-1,-1,-1
frame_2.png,1,1275,74,120,249,1,-1,-1,-1
frame_2.png,17,1399,54,109,247,1,-1,-1,-1
frame_2.png,20,1509,128,113,292,1,-1,-1,-1
frame_2.png,5,1369,256,122,167,1,-1,-1,-1
frame_2.png,15,669,473,296,380,1,-1,-1,-1
frame_2.png,8,943,288,209,582,1,-1,-1,-1
frame_2.png,16,1408,477,193,379,1,-1,-1,-1
frame_2.png,10,1182,712,229,355,1,-1,-1,-1
frame_2.png,14,1431,786,251,273,1,-1,-1,-1
frame_2.png,22,1381,347,218,255,1,-1,-1,-1
frame_0.png,11,629,750,283,318,1,-1,-1,-1
frame_0.png,10,1119,656,319,420,1,-1,-1,-1
frame_0.png,15,645,466,378,465,1,-1,-1,-1
frame_0.png,16,1245,414,355,404,1,-1,-1,-1
frame_0.png,5,1494,254,109,224,1,-1,-1,-1
frame_0.png,8,924,385,236,530,1,-1,-1,-1
frame_0.png,2,751,110,113,359,1,-1,-1,-1
frame_0.png,3,938,27,93,172,1,-1,-1,-1
frame_0.png,1,1270,70,100,231,1,-1,-1,-1
frame_0.png,17,1376,88,86,321,1,-1,-1,-1
frame_0.png,18,1519,356,100,301,1,-1,-1,-1
frame_0.png,14,1523,757,195,305,1,-1,-1,-1
frame_0.png,19,1618,597,165,197,1,-1,-1,-1
frame_0.png,20,1498,119,102,276,1,-1,-1,-1
frame_0.png,7,1060,239,161,262,1,-1,-1,-1
frame_3.png,11,629,746,285,321,1,-1,-1,-1
frame_3.png,15,654,477,319,436,1,-1,-1,-1
frame_3.png,7,742,166,179,298,1,-1,-1,-1
frame_3.png,8,920,302,235,355,1,-1,-1,-1
frame_3.png,18,1001,597,211,395,1,-1,-1,-1
frame_3.png,16,1153,423,161,406,1,-1,-1,-1
frame_3.png,10,1279,732,247,348,1,-1,-1,-1
frame_3.png,5,1234,265,130,176,1,-1,-1,-1
frame_3.png,3,952,15,125,179,1,-1,-1,-1
frame_3.png,1,1284,70,96,208,1,-1,-1,-1
frame_3.png,17,1370,65,113,260,1,-1,-1,-1
frame_3.png,20,1471,121,113,265,1,-1,-1,-1
frame_3.png,14,1507,813,172,276,1,-1,-1,-1
frame_3.png,19,1629,689,154,276,1,-1,-1,-1
frame_3.png,22,1365,284,122,289,1,-1,-1,-1
frame_4.png,11,633,755,292,316,1,-1,-1,-1
frame_4.png,8,857,304,317,582,1,-1,-1,-1
frame_4.png,7,746,164,166,280,1,-1,-1,-1
frame_4.png,15,654,444,278,407,1,-1,-1,-1
frame_4.png,16,1159,457,206,382,1,-1,-1,-1
frame_4.png,18,1026,710,220,321,1,-1,-1,-1
frame_4.png,10,1286,744,163,323,1,-1,-1,-1
frame_4.png,3,947,36,107,194,1,-1,-1,-1
frame_4.png,14,1487,823,192,262,1,-1,-1,-1
frame_4.png,19,1597,710,179,260,1,-1,-1,-1
frame_4.png,17,1413,92,59,242,1,-1,-1,-1
frame_4.png,20,1498,108,107,159,1,-1,-1,-1
frame_4.png,23,1799,509,123,300,1,-1,-1,-1
frame_4.png,22,1236,151,154,283,1,-1,-1,-1
frame_4.png,24,1780,354,102,267,1,-1,-1,-1
frame_4.png,1,1329,51,78,150,1,-1,-1,-1
frame_5.png,11,629,755,287,310,1,-1,-1,-1
frame_5.png,15,660,475,358,411,1,-1,-1,-1
frame_5.png,7,744,160,181,280,1,-1,-1,-1
frame_5.png,3,961,40,114,156,1,-1,-1,-1
frame_5.png,18,1010,674,220,319,1,-1,-1,-1
frame_5.png,8,909,272,199,418,1,-1,-1,-1
frame_5.png,16,1087,414,305,407,1,-1,-1,-1
frame_5.png,10,1252,746,222,307,1,-1,-1,-1
frame_5.png,14,1485,838,193,231,1,-1,-1,-1
frame_5.png,17,1437,88,68,231,1,-1,-1,-1
frame_5.png,20,1505,99,77,206,1,-1,-1,-1
frame_5.png,5,1501,247,134,231,1,-1,-1,-1
frame_5.png,19,1638,725,192,240,1,-1,-1,-1
frame_5.png,22,1223,63,104,199,1,-1,-1,-1
frame_5.png,24,1735,414,159,318,1,-1,-1,-1
frame_5.png,23,1487,453,188,359,1,-1,-1,-1
frame_5.png,1,1311,65,102,127,1,-1,-1,-1
frame_6.png,11,631,762,296,303,1,-1,-1,-1
frame_6.png,15,665,444,238,355,1,-1,-1,-1
frame_6.png,8,891,309,247,560,1,-1,-1,-1
frame_6.png,16,1186,412,236,346,1,-1,-1,-1
frame_6.png,18,1160,604,249,436,1,-1,-1,-1
frame_6.png,10,1308,753,200,316,1,-1,-1,-1
frame_6.png,17,1437,99,78,253,1,-1,-1,-1
frame_6.png,14,1503,787,157,292,1,-1,-1,-1
frame_6.png,5,1480,245,114,354,1,-1,-1,-1
frame_6.png,19,1638,703,165,294,1,-1,-1,-1
frame_6.png,7,775,157,120,265,1,-1,-1,-1
frame_6.png,3,925,20,156,188,1,-1,-1,-1
frame_6.png,22,1295,76,107,195,1,-1,-1,-1
frame_6.png,24,1616,410,170,325,1,-1,-1,-1
frame_6.png,23,1282,290,168,249,1,-1,-1,-1
frame_7.png,11,633,804,297,278,1,-1,-1,-1
frame_7.png,8,934,309,258,605,1,-1,-1,-1
frame_7.png,7,753,130,159,339,1,-1,-1,-1
frame_7.png,15,667,428,242,389,1,-1,-1,-1
frame_7.png,16,1186,417,150,481,1,-1,-1,-1
frame_7.png,5,1318,189,143,301,1,-1,-1,-1
frame_7.png,20,1518,106,87,289,1,-1,-1,-1
frame_7.png,17,1442,94,53,219,1,-1,-1,-1
frame_7.png,10,1297,764,209,321,1,-1,-1,-1
frame_7.png,14,1503,818,159,260,1,-1,-1,-1
frame_7.png,19,1614,690,204,289,1,-1,-1,-1
frame_7.png,18,1781,484,93,289,1,-1,-1,-1
frame_7.png,3,951,13,123,199,1,-1,-1,-1
frame_7.png,23,1126,171,192,334,1,-1,-1,-1
frame_7.png,24,1480,299,118,436,1,-1,-1,-1
frame_8.png,11,629,814,296,269,1,-1,-1,-1
frame_8.png,15,654,439,235,398,1,-1,-1,-1
frame_8.png,8,852,288,294,582,1,-1,-1,-1
frame_8.png,16,1225,333,200,528,1,-1,-1,-1
frame_8.png,7,816,142,113,307,1,-1,-1,-1
frame_8.png,3,958,27,113,158,1,-1,-1,-1
frame_8.png,5,1261,189,163,217,1,-1,-1,-1
frame_8.png,10,1162,710,301,371,1,-1,-1,-1
frame_8.png,14,1444,798,256,267,1,-1,-1,-1
frame_8.png,19,1605,703,206,292,1,-1,-1,-1
frame_8.png,17,1428,90,84,253,1,-1,-1,-1
frame_8.png,20,1498,110,116,242,1,-1,-1,-1
frame_8.png,23,1128,194,204,273,1,-1,-1,-1
frame_8.png,24,1442,239,195,517,1,-1,-1,-1
frame_8.png,1,1358,38,80,132,1,-1,-1,-1
frame_9.png,11,626,811,297,271,1,-1,-1,-1
frame_9.png,16,1169,311,267,576,1,-1,-1,-1
frame_9.png,15,640,412,276,460,1,-1,-1,-1
frame_9.png,8,816,281,357,582,1,-1,-1,-1
frame_9.png,10,1225,735,281,334,1,-1,-1,-1
frame_9.png,14,1462,804,227,262,1,-1,-1,-1
frame_9.png,19,1634,701,177,269,1,-1,-1,-1
frame_9.png,7,809,121,109,271,1,-1,-1,-1
frame_9.png,3,956,31,109,168,1,-1,-1,-1
frame_9.png,5,1308,171,141,260,1,-1,-1,-1
frame_9.png,17,1442,83,84,249,1,-1,-1,-1
frame_9.png,20,1507,117,84,208,1,-1,-1,-1
frame_9.png,23,1153,214,218,262,1,-1,-1,-1
frame_9.png,24,1422,241,148,433,1,-1,-1,-1
frame_9.png,1,1374,61,57,118,1,-1,-1,-1
frame_9.png,22,1293,70,129,156,1,-1,-1,-1
frame_10.png,11,629,805,296,278,1,-1,-1,-1
frame_10.png,7,778,103,186,355,1,-1,-1,-1
frame_10.png,15,640,450,288,391,1,-1,-1,-1
frame_10.png,8,911,279,251,573,1,-1,-1,-1
frame_10.png,16,1254,309,238,513,1,-1,-1,-1
frame_10.png,18,1765,482,152,318,1,-1,-1,-1
frame_10.png,22,1311,76,82,192,1,-1,-1,-1
frame_10.png,3,936,20,132,181,1,-1,-1,-1
frame_10.png,24,1464,229,168,544,1,-1,-1,-1
frame_10.png,10,1230,712,263,362,1,-1,-1,-1
frame_10.png,14,1485,804,204,253,1,-1,-1,-1
frame_10.png,19,1623,696,222,292,1,-1,-1,-1
frame_10.png,17,1428,88,84,242,1,-1,-1,-1
frame_10.png,1,1363,53,80,161,1,-1,-1,-1
frame_10.png,23,1214,198,154,228,1,-1,-1,-1
frame_11.png,11,624,807,299,276,1,-1,-1,-1
frame_11.png,16,1223,342,269,429,1,-1,-1,-1
frame_11.png,7,787,94,186,371,1,-1,-1,-1
frame_11.png,15,631,414,274,461,1,-1,-1,-1
frame_11.png,8,916,259,301,576,1,-1,-1,-1
frame_11.png,3,952,11,145,212,1,-1,-1,-1
frame_11.png,17,1440,76,68,260,1,-1,-1,-1
frame_11.png,20,1516,119,59,179,1,-1,-1,-1
frame_11.png,10,1193,680,195,389,1,-1,-1,-1
frame_11.png,14,1442,782,247,289,1,-1,-1,-1
frame_11.png,19,1589,678,231,316,1,-1,-1,-1
frame_11.png,24,1478,318,141,504,1,-1,-1,-1
frame_11.png,1,1374,65,73,131,1,-1,-1,-1
frame_11.png,23,1252,148,166,237,1,-1,-1,-1
frame_11.png,22,1306,99,111,111,1,-1,-1,-1
frame_12.png,11,624,805,299,278,1,-1,-1,-1
frame_12.png,7,785,81,175,386,1,-1,-1,-1
frame_12.png,8,967,257,240,576,1,-1,-1,-1
frame_12.png,15,604,410,312,460,1,-1,-1,-1
frame_12.png,17,1413,74,78,289,1,-1,-1,-1
frame_12.png,20,1503,115,78,276,1,-1,-1,-1
frame_12.png,10,1175,739,192,332,1,-1,-1,-1
frame_12.png,14,1428,789,238,289,1,-1,-1,-1
frame_12.png,19,1636,698,159,276,1,-1,-1,-1
frame_12.png,18,1787,498,130,312,1,-1,-1,-1
frame_12.png,3,942,8,143,222,1,-1,-1,-1
frame_12.png,24,1480,309,134,515,1,-1,-1,-1
frame_12.png,16,1241,322,218,501,1,-1,-1,-1
frame_12.png,23,1270,142,152,260,1,-1,-1,-1
frame_12.png,1,1351,49,75,219,1,-1,-1,-1
frame_12.png,22,1288,81,82,165,1,-1,-1,-1
frame_13.png,11,642,770,351,278,1,-1,-1,-1
frame_13.png,21,1711,522,220,265,1,-1,-1,-1
frame_13.png,7,794,99,166,366,1,-1,-1,-1
frame_13.png,16,1218,333,294,497,1,-1,-1,-1
frame_13.png,8,945,263,267,578,1,-1,-1,-1
frame_13.png,3,947,20,136,199,1,-1,-1,-1
frame_13.png,17,1401,70,116,314,1,-1,-1,-1
frame_13.png,20,1496,88,87,233,1,-1,-1,-1
frame_13.png,14,1451,789,222,274,1,-1,-1,-1
frame_13.png,19,1632,705,200,328,1,-1,-1,-1
frame_13.png,15,615,432,274,312,1,-1,-1,-1
frame_13.png,24,1478,309,139,447,1,-1,-1,-1
frame_13.png,10,1171,741,213,323,1,-1,-1,-1
frame_13.png,23,1211,162,159,224,1,-1,-1,-1
frame_13.png,22,1266,79,82,132,1,-1,-1,-1
frame_13.png,1,1322,61,61,143,1,-1,-1,-1
frame_14.png,11,638,764,315,305,1,-1,-1,-1
frame_14.png,19,1561,651,175,339,1,-1,-1,-1
frame_14.png,21,1729,455,202,373,1,-1,-1,-1
frame_14.png,8,942,266,213,571,1,-1,-1,-1
frame_14.png,15,622,421,269,388,1,-1,-1,-1
frame_14.png,7,805,121,154,325,1,-1,-1,-1
frame_14.png,10,1164,703,240,318,1,-1,-1,-1
frame_14.png,14,1428,802,220,269,1,-1,-1,-1
frame_14.png,16,1245,365,175,377,1,-1,-1,-1
frame_14.png,3,949,26,116,192,1,-1,-1,-1
frame_14.png,17,1370,103,116,251,1,-1,-1,-1
frame_14.png,20,1494,119,132,226,1,-1,-1,-1
frame_14.png,24,1444,286,206,515,1,-1,-1,-1
frame_14.png,1,1322,63,71,228,1,-1,-1,-1
frame_14.png,23,1189,144,166,186,1,-1,-1,-1
frame_14.png,22,1193,92,152,131,1,-1,-1,-1
frame_15.png,11,631,764,322,294,1,-1,-1,-1
frame_15.png,7,789,94,175,366,1,-1,-1,-1
frame_15.png,15,620,419,240,380,1,-1,-1,-1
frame_15.png,8,943,275,240,567,1,-1,-1,-1
frame_15.png,16,1182,336,267,476,1,-1,-1,-1
frame_15.png,10,1157,737,227,325,1,-1,-1,-1
frame_15.png,14,1422,814,290,269,1,-1,-1,-1
frame_15.png,3,942,18,143,186,1,-1,-1,-1
frame_15.png,1,1299,63,89,215,1,-1,-1,-1
frame_15.png,17,1435,155,104,280,1,-1,-1,-1
frame_15.png,19,1559,633,186,307,1,-1,-1,-1
frame_15.png,20,1510,88,130,280,1,-1,-1,-1
frame_15.png,5,1607,504,211,289,1,-1,-1,-1
frame_15.png,24,1426,299,166,467,1,-1,-1,-1
frame_15.png,23,1146,139,188,206,1,-1,-1,-1
frame_15.png,22,1241,90,120,156,1,-1,-1,-1
frame_16.png,11,635,764,317,292,1,-1,-1,-1
frame_16.png,21,1736,365,193,400,1,-1,-1,-1
frame_16.png,16,1164,347,233,501,1,-1,-1,-1
frame_16.png,14,1338,789,371,289,1,-1,-1,-1
frame_16.png,7,723,101,141,355,1,-1,-1,-1
frame_16.png,8,904,243,251,637,1,-1,-1,-1
frame_16.png,10,1177,719,224,336,1,-1,-1,-1
frame_16.png,19,1564,640,206,382,1,-1,-1,-1
frame_16.png,24,1431,279,179,488,1,-1,-1,-1
frame_16.png,15,584,403,290,404,1,-1,-1,-1
frame_16.png,23,1241,142,152,213,1,-1,-1,-1
frame_16.png,22,1178,85,157,131,1,-1,-1,-1
frame_16.png,20,1489,130,105,152,1,-1,-1,-1
frame_17.png,11,687,728,263,339,1,-1,-1,-1
frame_17.png,10,1164,764,218,301,1,-1,-1,-1
frame_17.png,14,1435,782,222,298,1,-1,-1,-1
frame_17.png,19,1593,689,183,256,1,-1,-1,-1
frame_17.png,16,1209,347,184,443,1,-1,-1,-1
frame_17.png,8,918,261,251,567,1,-1,-1,-1
frame_17.png,5,1717,552,168,269,1,-1,-1,-1
frame_17.png,15,595,417,260,348,1,-1,-1,-1
frame_17.png,7,776,133,150,289,1,-1,-1,-1
frame_17.png,24,1410,313,186,497,1,-1,-1,-1
frame_17.png,21,1806,451,118,219,1,-1,-1,-1
frame_17.png,20,1492,124,132,249,1,-1,-1,-1
frame_17.png,3,938,36,143,168,1,-1,-1,-1
frame_17.png,23,1286,157,130,256,1,-1,-1,-1
frame_17.png,22,1223,94,118,168,1,-1,-1,-1
frame_18.png,11,635,762,315,287,1,-1,-1,-1
frame_18.png,8,898,270,281,598,1,-1,-1,-1
frame_18.png,7,796,128,125,341,1,-1,-1,-1
frame_18.png,3,920,27,161,199,1,-1,-1,-1
frame_18.png,23,1293,139,102,278,1,-1,-1,-1
frame_18.png,1,1367,74,86,228,1,-1,-1,-1
frame_18.png,24,1406,311,152,454,1,-1,-1,-1
frame_18.png,16,1178,336,218,436,1,-1,-1,-1
frame_18.png,10,1157,719,240,346,1,-1,-1,-1
frame_18.png,14,1442,793,229,283,1,-1,-1,-1
frame_18.png,19,1586,667,175,256,1,-1,-1,-1
frame_18.png,5,1580,459,215,269,1,-1,-1,-1
frame_18.png,21,1790,468,138,355,1,-1,-1,-1
frame_18.png,20,1487,124,122,186,1,-1,-1,-1
frame_18.png,22,1153,92,170,147,1,-1,-1,-1
frame_18.png,15,599,385,270,442,1,-1,-1,-1
frame_19.png,11,635,762,315,292,1,-1,-1,-1
frame_19.png,8,900,277,281,591,1,-1,-1,-1
frame_19.png,21,1708,575,188,398,1,-1,-1,-1
frame_19.png,24,1401,333,224,438,1,-1,-1,-1
frame_19.png,7,775,128,163,321,1,-1,-1,-1
frame_19.png,10,1169,741,258,292,1,-1,-1,-1
frame_19.png,16,1178,336,269,443,1,-1,-1,-1
frame_19.png,14,1424,791,247,280,1,-1,-1,-1
frame_19.png,19,1609,660,188,278,1,-1,-1,-1
frame_19.png,1,1390,88,93,294,1,-1,-1,-1
frame_19.png,3,922,35,159,206,1,-1,-1,-1
frame_19.png,20,1492,99,139,253,1,-1,-1,-1
frame_19.png,15,570,387,324,427,1,-1,-1,-1
frame_19.png,23,1261,162,113,235,1,-1,-1,-1
frame_19.png,22,1193,79,163,140,1,-1,-1,-1
frame_20.png,11,638,762,315,292,1,-1,-1,-1
frame_20.png,8,897,279,285,594,1,-1,-1,-1
frame_20.png,21,1731,507,202,323,1,-1,-1,-1
frame_20.png,1,1363,106,136,280,1,-1,-1,-1
frame_20.png,2,660,108,183,328,1,-1,-1,-1
frame_20.png,7,800,137,122,303,1,-1,-1,-1
frame_20.png,3,925,36,138,163,1,-1,-1,-1
frame_20.png,10,1157,732,226,354,1,-1,-1,-1
frame_20.png,14,1440,775,215,294,1,-1,-1,-1
frame_20.png,19,1589,663,197,287,1,-1,-1,-1
frame_20.png,24,1453,315,159,438,1,-1,-1,-1
frame_20.png,16,1180,347,215,461,1,-1,-1,-1
frame_20.png,20,1494,137,118,132,1,-1,-1,-1
frame_20.png,15,576,414,288,364,1,-1,-1,-1
frame_20.png,23,1297,164,89,192,1,-1,-1,-1
frame_20.png,22,1225,99,120,125,1,-1,-1,-1
frame_21.png,11,635,764,315,292,1,-1,-1,-1
frame_21.png,8,906,261,247,593,1,-1,-1,-1
frame_21.png,16,1182,329,238,470,1,-1,-1,-1
frame_21.png,10,1169,685,220,375,1,-1,-1,-1
frame_21.png,14,1431,791,240,267,1,-1,-1,-1
frame_21.png,19,1600,660,170,296,1,-1,-1,-1
frame_21.png,7,798,128,145,362,1,-1,-1,-1
frame_21.png,21,1771,478,134,382,1,-1,-1,-1
frame_21.png,24,1458,347,138,382,1,-1,-1,-1
frame_21.png,23,1306,166,114,273,1,-1,-1,-1
frame_21.png,3,915,42,163,161,1,-1,-1,-1
frame_21.png,2,674,88,184,314,1,-1,-1,-1
frame_21.png,5,1455,191,69,172,1,-1,-1,-1
frame_21.png,1,1372,70,71,228,1,-1,-1,-1
frame_21.png,20,1530,117,75,161,1,-1,-1,-1
frame_21.png,15,576,423,294,366,1,-1,-1,-1
frame_22.png,11,642,753,466,301,1,-1,-1,-1
frame_22.png,21,1744,502,188,318,1,-1,-1,-1
frame_22.png,8,900,274,283,609,1,-1,-1,-1
frame_22.png,7,778,135,172,330,1,-1,-1,-1
frame_22.png,16,1195,345,199,515,1,-1,-1,-1
frame_22.png,10,1134,696,263,391,1,-1,-1,-1
frame_22.png,3,925,29,139,185,1,-1,-1,-1
frame_22.png,24,1440,309,157,495,1,-1,-1,-1
frame_22.png,23,1275,185,150,278,1,-1,-1,-1
frame_22.png,14,1431,796,238,276,1,-1,-1,-1
frame_22.png,19,1597,642,206,321,1,-1,-1,-1
frame_22.png,5,1437,205,100,186,1,-1,-1,-1
frame_22.png,25,1588,437,202,461,1,-1,-1,-1
frame_22.png,20,1519,119,111,174,1,-1,-1,-1
frame_22.png,1,1331,49,86,154,1,-1,-1,-1
frame_22.png,22,1261,103,132,129,1,-1,-1,-1
frame_22.png,16,593,426,238,330,1,-1,-1,-1
frame_23.png,11,622,762,360,298,1,-1,-1,-1
frame_23.png,8,897,286,276,576,1,-1,-1,-1
frame_23.png,16,1144,349,296,513,1,-1,-1,-1
frame_23.png,7,771,142,161,337,1,-1,-1,-1
frame_23.png,10,1175,721,229,355,1,-1,-1,-1
frame_23.png,3,924,38,152,181,1,-1,-1,-1
frame_23.png,5,1250,79,77,113,1,-1,-1,-1
frame_23.png,23,1209,211,179,235,1,-1,-1,-1
frame_23.png,24,1422,309,206,488,1,-1,-1,-1
frame_23.png,25,1593,424,157,328,1,-1,-1,-1
frame_23.png,1,1344,58,100,120,1,-1,-1,-1
frame_23.png,20,1476,85,147,256,1,-1,-1,-1
frame_23.png,16,584,403,285,398,1,-1,-1,-1
frame_23.png,14,1451,798,206,269,1,-1,-1,-1
frame_23.png,19,1614,660,188,310,1,-1,-1,-1
frame_23.png,21,1810,513,116,323,1,-1,-1,-1
frame_23.png,22,1347,151,125,177,1,-1,-1,-1
frame_24.png,11,531,764,380,294,1,-1,-1,-1
frame_24.png,16,1146,304,263,540,1,-1,-1,-1
frame_24.png,8,909,261,244,591,1,-1,-1,-1
frame_24.png,10,1087,633,249,438,1,-1,-1,-1
frame_24.png,7,785,139,177,300,1,-1,-1,-1
frame_24.png,3,927,20,132,190,1,-1,-1,-1
frame_24.png,24,1428,302,247,555,1,-1,-1,-1
frame_24.png,5,1223,70,95,149,1,-1,-1,-1
frame_24.png,1,1331,54,95,115,1,-1,-1,-1
frame_24.png,20,1496,124,100,138,1,-1,-1,-1
frame_24.png,23,1209,214,202,291,1,-1,-1,-1
frame_24.png,22,1326,162,157,176,1,-1,-1,-1
frame_24.png,21,1711,453,179,346,1,-1,-1,-1
frame_24.png,19,1607,671,215,346,1,-1,-1,-1
frame_24.png,14,1392,809,276,269,1,-1,-1,-1
frame_24.png,15,608,403,258,429,1,-1,-1,-1
frame_25.png,8,895,292,305,576,1,-1,-1,-1
frame_25.png,11,584,798,326,276,1,-1,-1,-1
frame_25.png,16,1169,365,242,368,1,-1,-1,-1
frame_25.png,15,567,426,278,388,1,-1,-1,-1
frame_25.png,7,785,128,143,330,1,-1,-1,-1
frame_25.png,3,961,18,113,206,1,-1,-1,-1
frame_25.png,1,1345,58,82,247,1,-1,-1,-1
frame_25.png,20,1501,128,100,150,1,-1,-1,-1
frame_25.png,5,1232,70,84,138,1,-1,-1,-1
frame_25.png,23,1200,223,184,206,1,-1,-1,-1
frame_25.png,22,1388,193,100,221,1,-1,-1,-1
frame_25.png,24,1442,349,157,285,1,-1,-1,-1
frame_25.png,10,1114,674,184,373,1,-1,-1,-1
frame_25.png,21,1329,529,197,440,1,-1,-1,-1
frame_25.png,14,1455,811,200,260,1,-1,-1,-1
frame_25.png,19,1636,676,170,305,1,-1,-1,-1
frame_25.png,17,1521,245,118,174,1,-1,-1,-1
frame_26.png,21,812,453,360,515,1,-1,-1,-1
frame_26.png,11,576,787,340,276,1,-1,-1,-1
frame_26.png,16,1112,329,294,542,1,-1,-1,-1
frame_26.png,10,1031,680,283,404,1,-1,-1,-1
frame_26.png,15,579,410,283,418,1,-1,-1,-1
frame_26.png,7,778,112,204,298,1,-1,-1,-1
frame_26.png,3,938,24,150,172,1,-1,-1,-1
frame_26.png,5,1236,70,118,154,1,-1,-1,-1
frame_26.png,1,1356,40,89,280,1,-1,-1,-1
frame_26.png,14,1442,784,215,294,1,-1,-1,-1
frame_26.png,19,1611,685,213,321,1,-1,-1,-1
frame_26.png,20,1503,130,114,219,1,-1,-1,-1
frame_26.png,8,983,272,218,454,1,-1,-1,-1
frame_26.png,17,1498,218,132,222,1,-1,-1,-1
frame_26.png,23,1232,216,184,291,1,-1,-1,-1
frame_26.png,22,1595,385,202,402,1,-1,-1,-1
frame_26.png,24,1408,324,213,337,1,-1,-1,-1
frame_26.png,26,1352,540,206,530,1,-1,-1,-1
frame_27.png,21,841,390,202,537,1,-1,-1,-1
frame_27.png,11,576,787,340,276,1,-1,-1,-1
frame_27.png,16,1160,347,249,501,1,-1,-1,-1
frame_27.png,10,1071,676,283,404,1,-1,-1,-1
frame_27.png,15,579,410,283,418,1,-1,-1,-1
frame_27.png,7,846,121,204,300,1,-1,-1,-1
frame_27.png,3,938,24,150,172,1,-1,-1,-1
frame_27.png,5,1236,70,118,154,1,-1,-1,-1
frame_27.png,1,1349,65,89,280,1,-1,-1,-1
frame_27.png,14,1442,784,215,294,1,-1,-1,-1
frame_27.png,19,1611,685,213,321,1,-1,-1,-1
frame_27.png,20,1505,137,114,219,1,-1,-1,-1
frame_27.png,8,983,272,218,454,1,-1,-1,-1
frame_27.png,17,1498,218,132,222,1,-1,-1,-1
frame_27.png,23,1232,216,184,291,1,-1,-1,-1
frame_27.png,24,1374,333,204,513,1,-1,-1,-1
frame_27.png,26,1763,482,161,296,1,-1,-1,-1
frame_28.png,21,821,247,161,470,1,-1,-1,-1
frame_28.png,11,576,787,340,276,1,-1,-1,-1
frame_28.png,16,1160,347,249,501,1,-1,-1,-1
frame_28.png,10,1071,676,283,404,1,-1,-1,-1
frame_28.png,15,586,417,283,418,1,-1,-1,-1
frame_28.png,7,859,117,204,300,1,-1,-1,-1
frame_28.png,3,938,24,150,172,1,-1,-1,-1
frame_28.png,5,1236,70,118,154,1,-1,-1,-1
frame_28.png,1,1360,65,89,280,1,-1,-1,-1
frame_28.png,14,1442,784,215,294,1,-1,-1,-1
frame_28.png,19,1611,685,213,321,1,-1,-1,-1
frame_28.png,20,1505,137,114,219,1,-1,-1,-1
frame_28.png,8,983,272,218,454,1,-1,-1,-1
frame_28.png,17,1498,218,132,222,1,-1,-1,-1
frame_28.png,23,1252,203,184,289,1,-1,-1,-1
frame_28.png,24,1388,331,204,513,1,-1,-1,-1
frame_28.png,22,1641,417,249,395,1,-1,-1,-1
frame_29.png,21,577,124,139,341,1,-1,-1,-1
frame_29.png,11,576,787,340,276,1,-1,-1,-1
frame_29.png,16,1164,349,247,501,1,-1,-1,-1
frame_29.png,10,1071,676,283,404,1,-1,-1,-1
frame_29.png,15,586,417,283,418,1,-1,-1,-1
frame_29.png,7,827,119,204,300,1,-1,-1,-1
frame_29.png,3,938,24,150,172,1,-1,-1,-1
frame_29.png,5,1214,70,118,154,1,-1,-1,-1
frame_29.png,1,1360,65,89,280,1,-1,-1,-1
frame_29.png,14,1442,784,215,294,1,-1,-1,-1
frame_29.png,19,1614,683,213,321,1,-1,-1,-1
frame_29.png,20,1505,144,114,219,1,-1,-1,-1
frame_29.png,8,983,272,218,454,1,-1,-1,-1
frame_29.png,17,1498,218,132,222,1,-1,-1,-1
frame_29.png,23,1252,184,186,289,1,-1,-1,-1
frame_29.png,24,1396,331,206,513,1,-1,-1,-1
frame_30.png,11,576,787,340,276,1,-1,-1,-1
frame_30.png,16,1164,349,247,501,1,-1,-1,-1
frame_30.png,10,1060,680,283,404,1,-1,-1,-1
frame_30.png,15,586,417,283,418,1,-1,-1,-1
frame_30.png,7,891,146,206,300,1,-1,-1,-1
frame_30.png,3,1033,29,109,138,1,-1,-1,-1
frame_30.png,5,1214,70,118,154,1,-1,-1,-1
frame_30.png,1,1342,67,89,280,1,-1,-1,-1
frame_30.png,14,1442,784,215,294,1,-1,-1,-1
frame_30.png,19,1611,685,213,321,1,-1,-1,-1
frame_30.png,20,1505,137,114,219,1,-1,-1,-1
frame_30.png,8,900,238,218,454,1,-1,-1,-1
frame_30.png,17,1498,218,132,222,1,-1,-1,-1
frame_30.png,23,1261,164,150,285,1,-1,-1,-1
frame_30.png,24,1381,336,204,513,1,-1,-1,-1
frame_30.png,22,1388,178,104,233,1,-1,-1,-1
frame_31.png,11,584,755,364,292,1,-1,-1,-1
frame_31.png,16,1159,342,249,501,1,-1,-1,-1
frame_31.png,10,1069,671,283,404,1,-1,-1,-1
frame_31.png,15,586,417,283,418,1,-1,-1,-1
frame_31.png,7,891,146,206,300,1,-1,-1,-1
frame_31.png,3,1033,29,109,138,1,-1,-1,-1
frame_31.png,1,1331,65,89,280,1,-1,-1,-1
frame_31.png,14,1392,804,276,269,1,-1,-1,-1
frame_31.png,19,1602,699,213,321,1,-1,-1,-1
frame_31.png,20,1505,137,114,219,1,-1,-1,-1
frame_31.png,8,929,283,217,539,1,-1,-1,-1
frame_31.png,23,1245,164,150,285,1,-1,-1,-1
frame_31.png,24,1392,286,204,513,1,-1,-1,-1
frame_31.png,22,1268,61,104,231,1,-1,-1,-1
frame_31.png,2,841,110,172,300,1,-1,-1,-1
frame_32.png,11,584,755,364,292,1,-1,-1,-1
frame_32.png,16,1159,342,249,501,1,-1,-1,-1
frame_32.png,10,1069,671,283,404,1,-1,-1,-1
frame_32.png,15,586,417,283,418,1,-1,-1,-1
frame_32.png,7,906,146,204,300,1,-1,-1,-1
frame_32.png,3,1033,29,109,138,1,-1,-1,-1
frame_32.png,1,1331,65,89,280,1,-1,-1,-1
frame_32.png,14,1392,804,276,269,1,-1,-1,-1
frame_32.png,19,1602,699,213,321,1,-1,-1,-1
frame_32.png,20,1498,135,114,219,1,-1,-1,-1
frame_32.png,8,929,283,217,539,1,-1,-1,-1
frame_32.png,23,1243,169,150,287,1,-1,-1,-1
frame_32.png,24,1392,295,204,513,1,-1,-1,-1
frame_32.png,22,1248,90,104,233,1,-1,-1,-1
frame_32.png,2,841,110,172,300,1,-1,-1,-1
frame_32.png,5,1378,115,73,165,1,-1,-1,-1
frame_33.png,11,584,755,364,292,1,-1,-1,-1
frame_33.png,16,1159,342,249,501,1,-1,-1,-1
frame_33.png,10,1069,671,283,404,1,-1,-1,-1
frame_33.png,15,586,417,283,418,1,-1,-1,-1
frame_33.png,7,906,146,204,300,1,-1,-1,-1
frame_33.png,3,1033,29,109,138,1,-1,-1,-1
frame_33.png,1,1331,65,89,280,1,-1,-1,-1
frame_33.png,14,1392,804,276,269,1,-1,-1,-1
frame_33.png,19,1602,699,213,321,1,-1,-1,-1
frame_33.png,20,1498,135,114,219,1,-1,-1,-1
frame_33.png,8,929,283,217,539,1,-1,-1,-1
frame_33.png,23,1243,144,150,287,1,-1,-1,-1
frame_33.png,24,1392,295,204,513,1,-1,-1,-1
frame_33.png,22,1248,90,104,233,1,-1,-1,-1
frame_33.png,2,841,110,172,300,1,-1,-1,-1
frame_33.png,5,1378,115,73,165,1,-1,-1,-1
frame_34.png,11,584,755,364,292,1,-1,-1,-1
frame_34.png,16,1159,342,249,501,1,-1,-1,-1
frame_34.png,10,1069,671,283,404,1,-1,-1,-1
frame_34.png,15,586,417,283,418,1,-1,-1,-1
frame_34.png,7,906,146,204,300,1,-1,-1,-1
frame_34.png,3,1033,29,109,138,1,-1,-1,-1
frame_34.png,1,1331,65,89,280,1,-1,-1,-1
frame_34.png,14,1392,804,276,269,1,-1,-1,-1
frame_34.png,19,1602,699,213,321,1,-1,-1,-1
frame_34.png,20,1498,135,114,219,1,-1,-1,-1
frame_34.png,8,929,283,217,539,1,-1,-1,-1
frame_34.png,23,1243,144,150,287,1,-1,-1,-1
frame_34.png,24,1399,302,204,513,1,-1,-1,-1
frame_34.png,22,1248,90,104,233,1,-1,-1,-1
frame_34.png,2,841,110,172,300,1,-1,-1,-1
frame_34.png,5,1385,148,114,163,1,-1,-1,-1
frame_35.png,11,584,755,364,292,1,-1,-1,-1
frame_35.png,16,1159,342,249,501,1,-1,-1,-1
frame_35.png,10,1069,671,283,404,1,-1,-1,-1
frame_35.png,15,586,417,283,418,1,-1,-1,-1
frame_35.png,7,906,146,204,300,1,-1,-1,-1
frame_35.png,3,1033,29,109,138,1,-1,-1,-1
frame_35.png,1,1331,65,89,280,1,-1,-1,-1
frame_35.png,14,1392,804,276,269,1,-1,-1,-1
frame_35.png,19,1602,699,213,321,1,-1,-1,-1
frame_35.png,20,1523,146,114,219,1,-1,-1,-1
frame_35.png,8,929,283,217,539,1,-1,-1,-1
frame_35.png,23,1243,144,150,287,1,-1,-1,-1
frame_35.png,24,1399,302,204,513,1,-1,-1,-1
frame_35.png,22,1221,81,104,233,1,-1,-1,-1
frame_35.png,2,841,110,172,300,1,-1,-1,-1
frame_35.png,5,1388,225,114,163,1,-1,-1,-1
frame_36.png,11,584,755,364,292,1,-1,-1,-1
frame_36.png,16,1159,342,249,501,1,-1,-1,-1
frame_36.png,10,1069,671,283,404,1,-1,-1,-1
frame_36.png,15,586,417,283,418,1,-1,-1,-1
frame_36.png,7,906,146,204,300,1,-1,-1,-1
frame_36.png,3,1033,29,109,138,1,-1,-1,-1
frame_36.png,1,1354,70,89,282,1,-1,-1,-1
frame_36.png,14,1392,804,276,269,1,-1,-1,-1
frame_36.png,19,1602,699,213,321,1,-1,-1,-1
frame_36.png,20,1512,142,114,219,1,-1,-1,-1
frame_36.png,8,929,283,217,539,1,-1,-1,-1
frame_36.png,23,1243,144,150,287,1,-1,-1,-1
frame_36.png,24,1451,354,204,513,1,-1,-1,-1
frame_36.png,22,1221,81,104,233,1,-1,-1,-1
frame_36.png,2,841,110,172,300,1,-1,-1,-1
frame_36.png,5,1322,342,152,377,1,-1,-1,-1
frame_37.png,11,584,755,364,292,1,-1,-1,-1
frame_37.png,16,1157,336,231,495,1,-1,-1,-1
frame_37.png,10,1004,629,283,404,1,-1,-1,-1
frame_37.png,15,586,417,283,418,1,-1,-1,-1
frame_37.png,7,906,146,204,300,1,-1,-1,-1
frame_37.png,3,1033,29,109,138,1,-1,-1,-1
frame_37.png,1,1372,79,89,280,1,-1,-1,-1
frame_37.png,14,1399,793,276,267,1,-1,-1,-1
frame_37.png,19,1625,692,215,321,1,-1,-1,-1
frame_37.png,20,1512,142,114,219,1,-1,-1,-1
frame_37.png,8,929,283,217,539,1,-1,-1,-1
frame_37.png,23,1243,144,150,287,1,-1,-1,-1
frame_37.png,24,1476,333,179,346,1,-1,-1,-1
frame_37.png,22,1221,81,104,233,1,-1,-1,-1
frame_37.png,2,841,110,172,300,1,-1,-1,-1
frame_37.png,5,1282,548,269,395,1,-1,-1,-1
frame_37.png,17,1489,250,143,226,1,-1,-1,-1
frame_38.png,11,584,755,364,292,1,-1,-1,-1
frame_38.png,16,1164,327,229,497,1,-1,-1,-1
frame_38.png,10,1004,629,283,404,1,-1,-1,-1
frame_38.png,15,586,417,283,418,1,-1,-1,-1
frame_38.png,7,906,146,204,300,1,-1,-1,-1
frame_38.png,3,1033,29,109,138,1,-1,-1,-1
frame_38.png,1,1385,88,100,278,1,-1,-1,-1
frame_38.png,14,1399,793,276,267,1,-1,-1,-1
frame_38.png,19,1625,692,215,321,1,-1,-1,-1
frame_38.png,20,1503,124,114,219,1,-1,-1,-1
frame_38.png,8,929,283,217,539,1,-1,-1,-1
frame_38.png,23,1243,144,150,287,1,-1,-1,-1
frame_38.png,24,1413,351,258,546,1,-1,-1,-1
frame_38.png,22,1232,79,104,233,1,-1,-1,-1
frame_38.png,2,841,110,172,300,1,-1,-1,-1
frame_38.png,5,1076,883,385,195,1,-1,-1,-1
frame_38.png,17,1496,245,165,224,1,-1,-1,-1
frame_38.png,27,1756,349,168,413,1,-1,-1,-1
frame_39.png,11,584,755,364,292,1,-1,-1,-1
frame_39.png,16,1164,327,229,497,1,-1,-1,-1
frame_39.png,10,1004,629,283,404,1,-1,-1,-1
frame_39.png,15,586,417,283,418,1,-1,-1,-1
frame_39.png,7,906,146,204,300,1,-1,-1,-1
frame_39.png,3,1033,29,109,138,1,-1,-1,-1
frame_39.png,1,1385,88,100,278,1,-1,-1,-1
frame_39.png,14,1399,793,276,267,1,-1,-1,-1
frame_39.png,19,1625,692,215,321,1,-1,-1,-1
frame_39.png,20,1503,124,114,219,1,-1,-1,-1
frame_39.png,8,929,283,217,539,1,-1,-1,-1
frame_39.png,23,1243,144,150,287,1,-1,-1,-1
frame_39.png,24,1415,356,258,546,1,-1,-1,-1
frame_39.png,22,1232,79,104,233,1,-1,-1,-1
frame_39.png,2,841,101,172,300,1,-1,-1,-1
frame_39.png,5,1074,888,385,194,1,-1,-1,-1
frame_39.png,17,1496,245,165,224,1,-1,-1,-1
frame_39.png,27,1765,473,161,337,1,-1,-1,-1
frame_40.png,11,584,755,364,292,1,-1,-1,-1
frame_40.png,16,1157,333,231,497,1,-1,-1,-1
frame_40.png,10,1024,518,283,404,1,-1,-1,-1
frame_40.png,15,586,417,283,418,1,-1,-1,-1
frame_40.png,7,861,117,206,300,1,-1,-1,-1
frame_40.png,3,1033,29,109,138,1,-1,-1,-1
frame_40.png,1,1385,88,100,278,1,-1,-1,-1
frame_40.png,14,1399,793,276,267,1,-1,-1,-1
frame_40.png,19,1625,692,215,321,1,-1,-1,-1
frame_40.png,20,1503,124,114,219,1,-1,-1,-1
frame_40.png,8,907,252,215,539,1,-1,-1,-1
frame_40.png,23,1153,130,218,296,1,-1,-1,-1
frame_40.png,24,1406,331,247,517,1,-1,-1,-1
frame_40.png,2,794,99,172,300,1,-1,-1,-1
frame_40.png,5,1074,888,385,194,1,-1,-1,-1
frame_40.png,17,1496,245,165,224,1,-1,-1,-1
frame_40.png,27,1708,460,209,357,1,-1,-1,-1
frame_41.png,11,584,755,364,292,1,-1,-1,-1
frame_41.png,16,1132,340,231,497,1,-1,-1,-1
frame_41.png,10,1024,518,283,404,1,-1,-1,-1
frame_41.png,15,586,417,283,418,1,-1,-1,-1
frame_41.png,7,861,117,206,300,1,-1,-1,-1
frame_41.png,3,1033,29,109,138,1,-1,-1,-1
frame_41.png,1,1385,88,100,278,1,-1,-1,-1
frame_41.png,14,1399,793,276,267,1,-1,-1,-1
frame_41.png,19,1625,692,215,321,1,-1,-1,-1
frame_41.png,20,1503,124,114,219,1,-1,-1,-1
frame_41.png,8,907,252,215,539,1,-1,-1,-1
frame_41.png,22,1178,90,163,303,1,-1,-1,-1
frame_41.png,24,1410,347,247,517,1,-1,-1,-1
frame_41.png,2,794,99,172,300,1,-1,-1,-1
frame_41.png,5,1074,888,385,194,1,-1,-1,-1
frame_41.png,17,1496,245,165,224,1,-1,-1,-1
frame_41.png,27,1708,460,209,357,1,-1,-1,-1
frame_41.png,23,1300,182,118,228,1,-1,-1,-1
frame_42.png,11,584,762,364,292,1,-1,-1,-1
frame_42.png,16,1132,340,231,497,1,-1,-1,-1
frame_42.png,10,1010,513,283,404,1,-1,-1,-1
frame_42.png,15,602,426,283,418,1,-1,-1,-1
frame_42.png,7,866,101,204,300,1,-1,-1,-1
frame_42.png,3,995,74,109,143,1,-1,-1,-1
frame_42.png,1,1385,88,100,278,1,-1,-1,-1
frame_42.png,14,1399,827,285,253,1,-1,-1,-1
frame_42.png,19,1629,696,213,321,1,-1,-1,-1
frame_42.png,20,1503,124,114,219,1,-1,-1,-1
frame_42.png,8,902,250,215,537,1,-1,-1,-1
frame_42.png,22,1177,72,163,303,1,-1,-1,-1
frame_42.png,24,1446,378,222,253,1,-1,-1,-1
frame_42.png,2,814,72,134,294,1,-1,-1,-1
frame_42.png,17,1496,245,165,224,1,-1,-1,-1
frame_42.png,27,1708,460,209,357,1,-1,-1,-1
frame_42.png,23,1300,203,123,294,1,-1,-1,-1
frame_42.png,5,1388,608,256,373,1,-1,-1,-1
frame_43.png,11,584,762,364,292,1,-1,-1,-1
frame_43.png,16,1137,306,231,495,1,-1,-1,-1
frame_43.png,10,1010,507,281,470,1,-1,-1,-1
frame_43.png,15,681,442,317,531,1,-1,-1,-1
frame_43.png,7,861,94,143,368,1,-1,-1,-1
frame_43.png,3,983,51,109,143,1,-1,-1,-1
frame_43.png,1,1399,74,100,280,1,-1,-1,-1
frame_43.png,14,1399,827,285,253,1,-1,-1,-1
frame_43.png,19,1629,696,213,321,1,-1,-1,-1
frame_43.png,20,1503,124,114,219,1,-1,-1,-1
frame_43.png,8,651,171,224,305,1,-1,-1,-1
frame_43.png,22,1209,53,120,161,1,-1,-1,-1
frame_43.png,2,814,72,134,294,1,-1,-1,-1
frame_43.png,17,1496,245,165,224,1,-1,-1,-1
frame_43.png,27,1742,464,177,280,1,-1,-1,-1
frame_43.png,24,1361,306,240,549,1,-1,-1,-1
frame_44.png,11,584,762,364,292,1,-1,-1,-1
frame_44.png,16,1137,274,231,497,1,-1,-1,-1
frame_44.png,10,1010,548,299,492,1,-1,-1,-1
frame_44.png,15,751,423,278,515,1,-1,-1,-1
frame_44.png,7,861,94,143,368,1,-1,-1,-1
frame_44.png,3,988,61,109,143,1,-1,-1,-1
frame_44.png,1,1358,81,100,280,1,-1,-1,-1
frame_44.png,14,1399,827,285,253,1,-1,-1,-1
frame_44.png,19,1629,696,213,321,1,-1,-1,-1
frame_44.png,20,1503,124,114,219,1,-1,-1,-1
frame_44.png,8,597,182,222,478,1,-1,-1,-1
frame_44.png,22,1168,67,152,149,1,-1,-1,-1
frame_44.png,2,814,72,134,294,1,-1,-1,-1
frame_44.png,17,1496,245,165,224,1,-1,-1,-1
frame_44.png,27,1708,383,184,280,1,-1,-1,-1
frame_44.png,24,1388,372,242,549,1,-1,-1,-1
frame_44.png,23,1322,333,213,336,1,-1,-1,-1
frame_44.png,5,1672,561,204,285,1,-1,-1,-1
frame_45.png,11,584,762,364,292,1,-1,-1,-1
frame_45.png,16,1132,272,231,497,1,-1,-1,-1
frame_45.png,10,1022,557,299,492,1,-1,-1,-1
frame_45.png,15,703,441,355,486,1,-1,-1,-1
frame_45.png,7,922,119,132,350,1,-1,-1,-1
frame_45.png,3,988,61,109,143,1,-1,-1,-1
frame_45.png,1,1315,65,107,249,1,-1,-1,-1
frame_45.png,14,1403,793,285,253,1,-1,-1,-1
frame_45.png,19,1616,698,215,321,1,-1,-1,-1
frame_45.png,20,1503,124,114,219,1,-1,-1,-1
frame_45.png,8,597,182,222,478,1,-1,-1,-1
frame_45.png,22,1184,85,139,154,1,-1,-1,-1
frame_45.png,2,814,72,134,294,1,-1,-1,-1
frame_45.png,17,1496,245,165,224,1,-1,-1,-1
frame_45.png,27,1778,424,150,249,1,-1,-1,-1
frame_45.png,24,1306,428,305,558,1,-1,-1,-1
frame_45.png,23,1571,378,163,377,1,-1,-1,-1
frame_45.png,5,1672,561,204,285,1,-1,-1,-1
frame_46.png,11,593,762,364,292,1,-1,-1,-1
frame_46.png,16,1125,259,231,495,1,-1,-1,-1
frame_46.png,10,995,540,299,492,1,-1,-1,-1
frame_46.png,15,620,550,224,192,1,-1,-1,-1
frame_46.png,7,922,119,132,350,1,-1,-1,-1
frame_46.png,3,1006,58,111,165,1,-1,-1,-1
frame_46.png,1,1331,79,107,249,1,-1,-1,-1
frame_46.png,14,1403,793,285,253,1,-1,-1,-1
frame_46.png,19,1616,698,215,321,1,-1,-1,-1
frame_46.png,20,1503,124,114,219,1,-1,-1,-1
frame_46.png,8,717,164,220,478,1,-1,-1,-1
frame_46.png,22,1143,85,122,330,1,-1,-1,-1
frame_46.png,2,814,72,134,294,1,-1,-1,-1
frame_46.png,17,1496,245,165,224,1,-1,-1,-1
frame_46.png,24,1306,428,305,558,1,-1,-1,-1
frame_46.png,23,1661,432,208,287,1,-1,-1,-1
frame_46.png,5,1668,606,195,240,1,-1,-1,-1
frame_46.png,27,1808,286,114,244,1,-1,-1,-1
frame_47.png,11,593,762,364,292,1,-1,-1,-1
frame_47.png,16,1123,270,231,495,1,-1,-1,-1
frame_47.png,10,1060,556,344,454,1,-1,-1,-1
frame_47.png,15,635,428,301,397,1,-1,-1,-1
frame_47.png,7,886,110,148,170,1,-1,-1,-1
frame_47.png,3,1004,61,111,165,1,-1,-1,-1
frame_47.png,1,1286,79,107,249,1,-1,-1,-1
frame_47.png,14,1230,811,285,253,1,-1,-1,-1
frame_47.png,19,1536,748,213,321,1,-1,-1,-1
frame_47.png,20,1489,139,114,219,1,-1,-1,-1
frame_47.png,8,846,207,231,292,1,-1,-1,-1
frame_47.png,22,1173,135,147,231,1,-1,-1,-1
frame_47.png,2,814,72,134,294,1,-1,-1,-1
frame_47.png,17,1496,221,165,224,1,-1,-1,-1
frame_47.png,24,1424,446,215,443,1,-1,-1,-1
frame_47.png,23,1724,468,192,244,1,-1,-1,-1
frame_47.png,5,1654,629,195,240,1,-1,-1,-1
frame_47.png,27,1780,277,123,314,1,-1,-1,-1
frame_48.png,11,638,748,296,300,1,-1,-1,-1
frame_48.png,16,1123,270,231,495,1,-1,-1,-1
frame_48.png,10,997,532,261,467,1,-1,-1,-1
frame_48.png,15,771,489,301,397,1,-1,-1,-1
frame_48.png,7,886,110,148,170,1,-1,-1,-1
frame_48.png,3,1004,61,111,165,1,-1,-1,-1
frame_48.png,1,1286,79,107,249,1,-1,-1,-1
frame_48.png,14,1160,823,285,253,1,-1,-1,-1
frame_48.png,19,1462,804,242,262,1,-1,-1,-1
frame_48.png,20,1489,139,114,219,1,-1,-1,-1
frame_48.png,8,823,194,231,292,1,-1,-1,-1
frame_48.png,22,1259,194,177,186,1,-1,-1,-1
frame_48.png,2,814,72,134,294,1,-1,-1,-1
frame_48.png,17,1485,203,177,239,1,-1,-1,-1
frame_48.png,24,1424,446,215,443,1,-1,-1,-1
frame_48.png,23,1728,475,190,244,1,-1,-1,-1
frame_48.png,5,1632,633,197,239,1,-1,-1,-1
frame_48.png,27,1778,277,123,314,1,-1,-1,-1
frame_49.png,11,572,779,296,300,1,-1,-1,-1
frame_49.png,16,1123,270,231,495,1,-1,-1,-1
frame_49.png,10,1001,552,261,467,1,-1,-1,-1
frame_49.png,15,750,462,256,452,1,-1,-1,-1
frame_49.png,7,886,110,148,170,1,-1,-1,-1
frame_49.png,3,1004,56,111,165,1,-1,-1,-1
frame_49.png,1,1282,83,107,249,1,-1,-1,-1
frame_49.png,14,1177,818,285,253,1,-1,-1,-1
frame_49.png,19,1478,775,267,285,1,-1,-1,-1
frame_49.png,20,1489,139,114,219,1,-1,-1,-1
frame_49.png,8,803,166,190,327,1,-1,-1,-1
frame_49.png,22,1352,277,168,424,1,-1,-1,-1
frame_49.png,2,803,74,134,294,1,-1,-1,-1
frame_49.png,17,1344,175,166,141,1,-1,-1,-1
frame_49.png,24,1424,446,215,443,1,-1,-1,-1
frame_49.png,5,1632,633,197,239,1,-1,-1,-1
frame_49.png,27,1778,277,123,314,1,-1,-1,-1
frame_50.png,11,572,779,296,300,1,-1,-1,-1
frame_50.png,16,1123,270,231,495,1,-1,-1,-1
frame_50.png,10,997,536,261,467,1,-1,-1,-1
frame_50.png,15,750,462,256,452,1,-1,-1,-1
frame_50.png,7,886,110,148,170,1,-1,-1,-1
frame_50.png,3,1004,56,111,165,1,-1,-1,-1
frame_50.png,1,1282,83,107,249,1,-1,-1,-1
frame_50.png,14,1177,818,285,253,1,-1,-1,-1
frame_50.png,19,1474,780,267,285,1,-1,-1,-1
frame_50.png,20,1426,117,152,291,1,-1,-1,-1
frame_50.png,8,837,166,188,325,1,-1,-1,-1
frame_50.png,2,803,74,134,294,1,-1,-1,-1
frame_50.png,17,1340,241,181,389,1,-1,-1,-1
frame_50.png,24,1428,428,215,443,1,-1,-1,-1
frame_50.png,5,1557,604,226,314,1,-1,-1,-1
frame_51.png,11,572,779,296,300,1,-1,-1,-1
frame_51.png,16,1148,270,208,478,1,-1,-1,-1
frame_51.png,10,988,604,242,366,1,-1,-1,-1
frame_51.png,15,750,462,256,452,1,-1,-1,-1
frame_51.png,7,886,110,148,170,1,-1,-1,-1
frame_51.png,3,1004,56,111,165,1,-1,-1,-1
frame_51.png,1,1282,83,107,249,1,-1,-1,-1
frame_51.png,14,1177,818,285,253,1,-1,-1,-1
frame_51.png,19,1474,780,267,285,1,-1,-1,-1
frame_51.png,20,1340,196,152,291,1,-1,-1,-1
frame_51.png,8,837,166,188,325,1,-1,-1,-1
frame_51.png,2,803,74,134,294,1,-1,-1,-1
frame_51.png,24,1308,424,261,486,1,-1,-1,-1
frame_51.png,5,1541,374,96,303,1,-1,-1,-1
frame_52.png,11,561,775,296,300,1,-1,-1,-1
frame_52.png,16,1141,266,206,479,1,-1,-1,-1
frame_52.png,10,945,622,261,389,1,-1,-1,-1
frame_52.png,15,773,468,256,451,1,-1,-1,-1
frame_52.png,7,886,110,148,170,1,-1,-1,-1
frame_52.png,3,995,44,111,165,1,-1,-1,-1
frame_52.png,1,1329,74,107,249,1,-1,-1,-1
frame_52.png,14,1169,834,285,253,1,-1,-1,-1
frame_52.png,19,1474,780,267,285,1,-1,-1,-1
frame_52.png,8,841,198,261,271,1,-1,-1,-1
frame_52.png,2,803,74,134,294,1,-1,-1,-1
frame_52.png,24,1286,408,261,486,1,-1,-1,-1
frame_52.png,5,1354,166,107,262,1,-1,-1,-1
frame_52.png,20,1487,315,174,515,1,-1,-1,-1
frame_52.png,17,1605,439,267,445,1,-1,-1,-1
frame_53.png,11,572,779,296,300,1,-1,-1,-1
frame_53.png,16,1160,272,206,479,1,-1,-1,-1
frame_53.png,10,963,624,240,366,1,-1,-1,-1
frame_53.png,15,750,462,256,452,1,-1,-1,-1
frame_53.png,7,886,110,148,170,1,-1,-1,-1
frame_53.png,3,954,45,129,152,1,-1,-1,-1
frame_53.png,1,1392,108,107,247,1,-1,-1,-1
frame_53.png,14,1177,818,285,253,1,-1,-1,-1
frame_53.png,19,1474,780,267,285,1,-1,-1,-1
frame_53.png,8,837,166,188,325,1,-1,-1,-1
frame_53.png,2,803,74,134,294,1,-1,-1,-1
frame_53.png,24,1376,403,261,486,1,-1,-1,-1
frame_53.png,5,1230,99,109,174,1,-1,-1,-1
frame_53.png,20,1618,403,299,461,1,-1,-1,-1
frame_54.png,11,572,779,296,300,1,-1,-1,-1
frame_54.png,16,1160,272,206,479,1,-1,-1,-1
frame_54.png,10,963,624,240,366,1,-1,-1,-1
frame_54.png,15,723,453,256,452,1,-1,-1,-1
frame_54.png,7,924,157,179,228,1,-1,-1,-1
frame_54.png,3,954,45,129,152,1,-1,-1,-1
frame_54.png,1,1392,108,107,247,1,-1,-1,-1
frame_54.png,14,1177,818,285,253,1,-1,-1,-1
frame_54.png,19,1437,728,287,337,1,-1,-1,-1
frame_54.png,8,821,175,188,325,1,-1,-1,-1
frame_54.png,2,803,74,134,294,1,-1,-1,-1
frame_54.png,24,1614,387,226,418,1,-1,-1,-1
frame_54.png,5,1139,137,127,258,1,-1,-1,-1
frame_55.png,11,672,768,296,300,1,-1,-1,-1
frame_55.png,16,1160,272,206,479,1,-1,-1,-1
frame_55.png,10,963,624,240,366,1,-1,-1,-1
frame_55.png,15,719,453,256,452,1,-1,-1,-1
frame_55.png,7,924,157,179,228,1,-1,-1,-1
frame_55.png,3,976,40,130,152,1,-1,-1,-1
frame_55.png,1,1392,108,107,247,1,-1,-1,-1
frame_55.png,14,1272,755,245,323,1,-1,-1,-1
frame_55.png,19,1489,629,287,337,1,-1,-1,-1
frame_55.png,8,794,173,188,325,1,-1,-1,-1
frame_55.png,2,857,92,127,154,1,-1,-1,-1
frame_55.png,5,1139,137,127,258,1,-1,-1,-1
frame_56.png,11,672,768,296,300,1,-1,-1,-1
frame_56.png,16,1160,272,206,479,1,-1,-1,-1
frame_56.png,10,988,644,265,404,1,-1,-1,-1
frame_56.png,15,719,453,256,452,1,-1,-1,-1
frame_56.png,7,924,157,179,228,1,-1,-1,-1
frame_56.png,3,976,40,130,152,1,-1,-1,-1
frame_56.png,1,1392,108,107,247,1,-1,-1,-1
frame_56.png,14,1272,755,245,323,1,-1,-1,-1
frame_56.png,19,1489,629,287,337,1,-1,-1,-1
frame_56.png,8,794,173,188,325,1,-1,-1,-1
frame_56.png,2,857,92,127,154,1,-1,-1,-1
frame_56.png,5,1139,137,127,258,1,-1,-1,-1
frame_57.png,11,672,768,296,300,1,-1,-1,-1
frame_57.png,16,1168,261,206,479,1,-1,-1,-1
frame_57.png,10,958,685,247,368,1,-1,-1,-1
frame_57.png,15,800,480,258,377,1,-1,-1,-1
frame_57.png,7,902,101,139,168,1,-1,-1,-1
frame_57.png,3,976,40,130,152,1,-1,-1,-1
frame_57.png,1,1392,108,107,247,1,-1,-1,-1
frame_57.png,14,1299,746,294,323,1,-1,-1,-1
frame_57.png,19,1489,629,287,337,1,-1,-1,-1
frame_57.png,8,794,173,188,325,1,-1,-1,-1
frame_57.png,2,857,92,127,154,1,-1,-1,-1
frame_57.png,5,1117,128,127,256,1,-1,-1,-1
frame_57.png,27,1731,441,159,379,1,-1,-1,-1
frame_58.png,11,672,768,296,300,1,-1,-1,-1
frame_58.png,16,1168,261,206,479,1,-1,-1,-1
frame_58.png,10,963,685,247,368,1,-1,-1,-1
frame_58.png,15,798,466,258,377,1,-1,-1,-1
frame_58.png,7,823,72,179,177,1,-1,-1,-1
frame_58.png,3,976,40,130,152,1,-1,-1,-1
frame_58.png,1,1392,108,107,247,1,-1,-1,-1
frame_58.png,14,1299,746,294,323,1,-1,-1,-1
frame_58.png,19,1489,629,287,337,1,-1,-1,-1
frame_58.png,8,837,182,188,325,1,-1,-1,-1
frame_58.png,5,1099,124,127,258,1,-1,-1,-1
frame_58.png,27,1708,473,157,362,1,-1,-1,-1
frame_59.png,11,672,768,296,300,1,-1,-1,-1
frame_59.png,16,1168,261,206,479,1,-1,-1,-1
frame_59.png,10,963,685,247,368,1,-1,-1,-1
frame_59.png,15,798,466,258,377,1,-1,-1,-1
frame_59.png,7,818,83,179,177,1,-1,-1,-1
frame_59.png,3,976,40,130,152,1,-1,-1,-1
frame_59.png,1,1392,108,107,247,1,-1,-1,-1
frame_59.png,14,1299,746,294,323,1,-1,-1,-1
frame_59.png,19,1489,629,287,337,1,-1,-1,-1
frame_59.png,8,837,182,188,325,1,-1,-1,-1
frame_59.png,5,1099,124,127,258,1,-1,-1,-1
frame_59.png,27,1708,473,157,362,1,-1,-1,-1
frame_60.png,11,604,719,378,337,1,-1,-1,-1
frame_60.png,16,1168,261,206,479,1,-1,-1,-1
frame_60.png,10,956,620,263,415,1,-1,-1,-1
frame_60.png,15,805,475,258,377,1,-1,-1,-1
frame_60.png,7,818,83,179,177,1,-1,-1,-1
frame_60.png,3,942,18,118,186,1,-1,-1,-1
frame_60.png,1,1349,92,125,298,1,-1,-1,-1
frame_60.png,14,1299,746,294,323,1,-1,-1,-1
frame_60.png,19,1489,629,287,337,1,-1,-1,-1
frame_60.png,8,764,175,188,327,1,-1,-1,-1
frame_60.png,5,1060,117,154,265,1,-1,-1,-1
frame_60.png,27,1708,473,157,362,1,-1,-1,-1
frame_61.png,11,527,732,378,337,1,-1,-1,-1
frame_61.png,16,1168,261,206,479,1,-1,-1,-1
frame_61.png,10,956,620,263,415,1,-1,-1,-1
frame_61.png,15,805,475,258,377,1,-1,-1,-1
frame_61.png,7,742,76,125,177,1,-1,-1,-1
frame_61.png,3,942,18,118,186,1,-1,-1,-1
frame_61.png,1,1349,92,125,298,1,-1,-1,-1
frame_61.png,14,1299,746,294,323,1,-1,-1,-1
frame_61.png,19,1489,629,287,337,1,-1,-1,-1
frame_61.png,8,764,175,188,327,1,-1,-1,-1
frame_61.png,5,1060,117,154,265,1,-1,-1,-1
frame_61.png,27,1708,473,157,362,1,-1,-1,-1
frame_61.png,2,841,88,179,204,1,-1,-1,-1
frame_62.png,11,656,678,330,364,1,-1,-1,-1
frame_62.png,16,1168,261,206,479,1,-1,-1,-1
frame_62.png,10,1189,446,251,479,1,-1,-1,-1
frame_62.png,15,805,475,258,377,1,-1,-1,-1
frame_62.png,7,768,65,170,188,1,-1,-1,-1
frame_62.png,3,942,18,118,186,1,-1,-1,-1
frame_62.png,1,1349,92,125,298,1,-1,-1,-1
frame_62.png,14,1299,746,294,323,1,-1,-1,-1
frame_62.png,19,1489,629,287,337,1,-1,-1,-1
frame_62.png,8,759,187,188,327,1,-1,-1,-1
frame_62.png,5,1060,117,154,265,1,-1,-1,-1
frame_62.png,27,1708,473,157,362,1,-1,-1,-1
frame_62.png,2,852,103,179,204,1,-1,-1,-1
frame_63.png,11,805,676,335,384,1,-1,-1,-1
frame_63.png,16,1182,263,206,479,1,-1,-1,-1
frame_63.png,10,1365,354,166,406,1,-1,-1,-1
frame_63.png,15,977,432,249,467,1,-1,-1,-1
frame_63.png,7,768,65,170,188,1,-1,-1,-1
frame_63.png,3,942,18,118,186,1,-1,-1,-1
frame_63.png,1,1349,92,125,298,1,-1,-1,-1
frame_63.png,14,1299,746,294,323,1,-1,-1,-1
frame_63.png,19,1489,629,287,337,1,-1,-1,-1
frame_63.png,8,759,203,188,325,1,-1,-1,-1
frame_63.png,5,1060,117,154,265,1,-1,-1,-1
frame_63.png,27,1736,493,156,362,1,-1,-1,-1
frame_63.png,2,852,103,179,204,1,-1,-1,-1
frame_63.png,28,1588,408,204,362,1,-1,-1,-1
frame_64.png,11,1252,586,229,339,1,-1,-1,-1
frame_64.png,16,1182,263,206,479,1,-1,-1,-1
frame_64.png,10,1376,299,161,357,1,-1,-1,-1
frame_64.png,15,990,408,240,247,1,-1,-1,-1
frame_64.png,3,942,18,118,186,1,-1,-1,-1
frame_64.png,1,1349,92,125,298,1,-1,-1,-1
frame_64.png,14,1322,895,272,176,1,-1,-1,-1
frame_64.png,19,1514,690,213,337,1,-1,-1,-1
frame_64.png,8,751,185,177,334,1,-1,-1,-1
frame_64.png,5,1060,117,154,265,1,-1,-1,-1
frame_64.png,27,1736,493,156,362,1,-1,-1,-1
frame_64.png,2,852,103,179,204,1,-1,-1,-1
frame_64.png,28,1588,408,204,362,1,-1,-1,-1
frame_65.png,11,1388,480,229,339,1,-1,-1,-1
frame_65.png,16,1182,263,206,479,1,-1,-1,-1
frame_65.png,10,1379,292,161,357,1,-1,-1,-1
frame_65.png,15,990,408,240,247,1,-1,-1,-1
frame_65.png,3,967,33,118,188,1,-1,-1,-1
frame_65.png,1,1349,92,125,298,1,-1,-1,-1
frame_65.png,14,1322,895,272,176,1,-1,-1,-1
frame_65.png,19,1455,764,285,305,1,-1,-1,-1
frame_65.png,8,624,203,215,549,1,-1,-1,-1
frame_65.png,5,1060,117,154,265,1,-1,-1,-1
frame_65.png,27,1744,505,156,362,1,-1,-1,-1
frame_65.png,2,852,103,179,204,1,-1,-1,-1
frame_65.png,28,1614,471,159,294,1,-1,-1,-1
frame_65.png,29,550,137,170,407,1,-1,-1,-1
frame_65.png,30,1697,333,148,221,1,-1,-1,-1
frame_66.png,11,1440,495,168,276,1,-1,-1,-1
frame_66.png,16,1171,254,206,479,1,-1,-1,-1
frame_66.png,10,1358,252,113,298,1,-1,-1,-1
frame_66.png,3,968,22,118,186,1,-1,-1,-1
frame_66.png,1,1349,92,125,298,1,-1,-1,-1
frame_66.png,14,1322,895,272,176,1,-1,-1,-1
frame_66.png,19,1451,762,285,307,1,-1,-1,-1
frame_66.png,8,572,318,242,575,1,-1,-1,-1
frame_66.png,5,1107,137,154,265,1,-1,-1,-1
frame_66.png,27,1762,502,156,362,1,-1,-1,-1
frame_66.png,2,852,103,179,204,1,-1,-1,-1
frame_66.png,28,1629,462,159,294,1,-1,-1,-1
frame_66.png,30,1693,347,175,192,1,-1,-1,-1
frame_67.png,11,1530,572,200,213,1,-1,-1,-1
frame_67.png,16,1171,254,206,479,1,-1,-1,-1
frame_67.png,3,990,24,118,188,1,-1,-1,-1
frame_67.png,1,1349,92,125,298,1,-1,-1,-1
frame_67.png,14,1322,895,272,176,1,-1,-1,-1
frame_67.png,19,1451,762,285,307,1,-1,-1,-1
frame_67.png,8,656,426,242,575,1,-1,-1,-1
frame_67.png,5,1107,137,154,265,1,-1,-1,-1
frame_67.png,27,1763,496,156,362,1,-1,-1,-1
frame_67.png,2,830,110,139,348,1,-1,-1,-1
frame_67.png,28,1693,437,129,298,1,-1,-1,-1
frame_67.png,15,916,441,192,479,1,-1,-1,-1
frame_67.png,10,1335,245,111,262,1,-1,-1,-1
frame_68.png,16,1171,254,206,479,1,-1,-1,-1
frame_68.png,3,977,31,118,186,1,-1,-1,-1
frame_68.png,1,1376,117,125,296,1,-1,-1,-1
frame_68.png,14,1322,895,272,176,1,-1,-1,-1
frame_68.png,19,1451,759,285,307,1,-1,-1,-1
frame_68.png,8,750,480,244,575,1,-1,-1,-1
frame_68.png,5,1107,137,154,265,1,-1,-1,-1
frame_68.png,27,1763,496,156,362,1,-1,-1,-1
frame_68.png,2,794,126,141,348,1,-1,-1,-1
frame_68.png,15,890,437,192,479,1,-1,-1,-1
frame_68.png,10,1331,257,111,262,1,-1,-1,-1
frame_68.png,7,809,26,136,174,1,-1,-1,-1
frame_68.png,29,265,593,360,431,1,-1,-1,-1
frame_68.png,24,1780,300,143,199,1,-1,-1,-1
frame_69.png,16,1178,248,206,478,1,-1,-1,-1
frame_69.png,3,967,35,118,186,1,-1,-1,-1
frame_69.png,1,1376,117,125,296,1,-1,-1,-1
frame_69.png,14,1322,895,272,176,1,-1,-1,-1
frame_69.png,19,1451,759,285,307,1,-1,-1,-1
frame_69.png,5,1107,137,154,265,1,-1,-1,-1
frame_69.png,27,1763,496,156,362,1,-1,-1,-1
frame_69.png,2,794,126,141,348,1,-1,-1,-1
frame_69.png,15,890,437,192,479,1,-1,-1,-1
frame_69.png,10,1331,257,111,262,1,-1,-1,-1
frame_69.png,7,814,20,139,165,1,-1,-1,-1
frame_69.png,29,265,593,360,431,1,-1,-1,-1
frame_69.png,24,1720,336,179,319,1,-1,-1,-1
frame_70.png,3,967,35,118,186,1,-1,-1,-1
frame_70.png,1,1376,117,125,296,1,-1,-1,-1
frame_70.png,14,1186,861,335,213,1,-1,-1,-1
frame_70.png,19,1451,759,285,307,1,-1,-1,-1
frame_70.png,5,1107,137,154,265,1,-1,-1,-1
frame_70.png,27,1763,496,156,362,1,-1,-1,-1
frame_70.png,2,814,128,139,348,1,-1,-1,-1
frame_70.png,15,780,450,240,486,1,-1,-1,-1
frame_70.png,10,1331,257,111,262,1,-1,-1,-1
frame_70.png,7,814,20,139,165,1,-1,-1,-1
frame_70.png,29,233,593,260,438,1,-1,-1,-1
frame_70.png,24,1663,360,179,319,1,-1,-1,-1
frame_70.png,8,1230,300,231,391,1,-1,-1,-1
frame_71.png,3,974,42,118,188,1,-1,-1,-1
frame_71.png,1,1376,117,125,296,1,-1,-1,-1
frame_71.png,14,1216,861,287,212,1,-1,-1,-1
frame_71.png,19,1451,759,285,307,1,-1,-1,-1
frame_71.png,5,1107,137,154,265,1,-1,-1,-1
frame_71.png,27,1763,496,156,362,1,-1,-1,-1
frame_71.png,2,848,117,139,348,1,-1,-1,-1
frame_71.png,15,780,450,240,486,1,-1,-1,-1
frame_71.png,10,1331,257,111,262,1,-1,-1,-1
frame_71.png,7,868,29,139,165,1,-1,-1,-1
frame_71.png,29,179,611,423,389,1,-1,-1,-1
frame_71.png,24,1632,345,224,398,1,-1,-1,-1
frame_71.png,8,1449,203,148,406,1,-1,-1,-1
frame_72.png,3,974,42,118,188,1,-1,-1,-1
frame_72.png,1,1405,110,102,249,1,-1,-1,-1
frame_72.png,14,1216,861,287,212,1,-1,-1,-1
frame_72.png,19,1451,759,285,307,1,-1,-1,-1
frame_72.png,5,1107,137,154,265,1,-1,-1,-1
frame_72.png,27,1763,496,156,362,1,-1,-1,-1
frame_72.png,2,848,117,139,348,1,-1,-1,-1
frame_72.png,15,780,450,240,486,1,-1,-1,-1
frame_72.png,10,1331,257,111,262,1,-1,-1,-1
frame_72.png,7,864,40,139,165,1,-1,-1,-1
frame_72.png,29,179,611,423,389,1,-1,-1,-1
frame_72.png,24,1632,345,224,398,1,-1,-1,-1
frame_72.png,8,1347,63,107,197,1,-1,-1,-1
frame_72.png,31,1518,466,139,301,1,-1,-1,-1
frame_73.png,3,974,42,118,188,1,-1,-1,-1
frame_73.png,1,1405,110,102,249,1,-1,-1,-1
frame_73.png,14,1216,861,287,212,1,-1,-1,-1
frame_73.png,19,1451,759,285,307,1,-1,-1,-1
frame_73.png,5,1107,137,154,265,1,-1,-1,-1
frame_73.png,27,1763,496,156,362,1,-1,-1,-1
frame_73.png,2,848,117,139,348,1,-1,-1,-1
frame_73.png,15,780,450,240,486,1,-1,-1,-1
frame_73.png,10,1352,315,147,397,1,-1,-1,-1
frame_73.png,7,864,40,139,165,1,-1,-1,-1
frame_73.png,24,1708,448,154,285,1,-1,-1,-1
frame_73.png,8,1187,40,105,289,1,-1,-1,-1
frame_73.png,16,1160,247,179,546,1,-1,-1,-1
frame_74.png,3,974,42,118,188,1,-1,-1,-1
frame_74.png,1,1360,97,102,249,1,-1,-1,-1
frame_74.png,14,1216,861,287,212,1,-1,-1,-1
frame_74.png,19,1464,755,285,305,1,-1,-1,-1
frame_74.png,5,1107,137,154,265,1,-1,-1,-1
frame_74.png,27,1763,496,156,362,1,-1,-1,-1
frame_74.png,2,848,117,139,348,1,-1,-1,-1
frame_74.png,15,780,450,240,486,1,-1,-1,-1
frame_74.png,10,1376,365,177,411,1,-1,-1,-1
frame_74.png,7,864,40,139,165,1,-1,-1,-1
frame_74.png,8,1187,40,105,289,1,-1,-1,-1
frame_74.png,16,1182,241,179,544,1,-1,-1,-1
frame_74.png,29,1031,633,240,436,1,-1,-1,-1
frame_75.png,3,963,54,118,186,1,-1,-1,-1
frame_75.png,1,1360,97,102,249,1,-1,-1,-1
frame_75.png,14,1227,825,276,247,1,-1,-1,-1
frame_75.png,19,1464,755,285,305,1,-1,-1,-1
frame_75.png,5,1083,146,154,265,1,-1,-1,-1
frame_75.png,27,1763,496,156,362,1,-1,-1,-1
frame_75.png,2,848,115,139,348,1,-1,-1,-1
frame_75.png,15,780,450,240,486,1,-1,-1,-1
frame_75.png,10,1286,412,206,461,1,-1,-1,-1
frame_75.png,7,864,40,139,165,1,-1,-1,-1
frame_75.png,8,1160,38,102,235,1,-1,-1,-1
frame_75.png,16,1182,241,179,544,1,-1,-1,-1
frame_75.png,29,1539,442,193,416,1,-1,-1,-1
frame_76.png,3,963,54,118,186,1,-1,-1,-1
frame_76.png,1,1378,117,123,316,1,-1,-1,-1
frame_76.png,14,1182,741,321,332,1,-1,-1,-1
frame_76.png,19,1476,771,285,307,1,-1,-1,-1
frame_76.png,5,1090,146,154,265,1,-1,-1,-1
frame_76.png,27,1722,496,200,407,1,-1,-1,-1
frame_76.png,2,848,115,139,348,1,-1,-1,-1
frame_76.png,15,766,424,242,486,1,-1,-1,-1
frame_76.png,10,1480,403,233,470,1,-1,-1,-1
frame_76.png,7,864,40,139,165,1,-1,-1,-1
frame_76.png,8,1103,26,102,235,1,-1,-1,-1
frame_76.png,16,1182,241,179,544,1,-1,-1,-1
frame_77.png,3,963,54,118,186,1,-1,-1,-1
frame_77.png,1,1401,139,129,282,1,-1,-1,-1
frame_77.png,14,1164,689,319,386,1,-1,-1,-1
frame_77.png,19,1437,696,251,357,1,-1,-1,-1
frame_77.png,5,1090,146,154,265,1,-1,-1,-1
frame_77.png,27,1661,496,260,442,1,-1,-1,-1
frame_77.png,2,841,108,139,348,1,-1,-1,-1
frame_77.png,15,766,424,242,486,1,-1,-1,-1
frame_77.png,7,864,40,139,165,1,-1,-1,-1
frame_77.png,8,1103,24,102,235,1,-1,-1,-1
frame_77.png,16,1182,241,179,544,1,-1,-1,-1
frame_78.png,3,977,38,118,186,1,-1,-1,-1
frame_78.png,1,1401,139,129,282,1,-1,-1,-1
frame_78.png,14,1164,689,319,386,1,-1,-1,-1
frame_78.png,5,1090,146,154,265,1,-1,-1,-1
frame_78.png,27,1661,496,260,442,1,-1,-1,-1
frame_78.png,2,750,151,184,371,1,-1,-1,-1
frame_78.png,15,755,428,240,486,1,-1,-1,-1
frame_78.png,7,870,53,170,186,1,-1,-1,-1
frame_78.png,8,1103,24,102,235,1,-1,-1,-1
frame_78.png,16,1193,247,179,546,1,-1,-1,-1
frame_79.png,3,965,31,118,186,1,-1,-1,-1
frame_79.png,1,1401,139,129,282,1,-1,-1,-1
frame_79.png,14,1164,689,319,386,1,-1,-1,-1
frame_79.png,5,1083,146,154,265,1,-1,-1,-1
frame_79.png,27,1656,496,260,442,1,-1,-1,-1
frame_79.png,2,678,248,258,274,1,-1,-1,-1
frame_79.png,15,755,428,240,486,1,-1,-1,-1
frame_79.png,7,855,51,148,319,1,-1,-1,-1
frame_79.png,8,1103,24,102,235,1,-1,-1,-1
frame_79.png,16,1193,247,179,546,1,-1,-1,-1
frame_79.png,19,1390,606,220,398,1,-1,-1,-1
frame_79.png,32,1729,369,188,332,1,-1,-1,-1
frame_80.png,3,965,31,118,186,1,-1,-1,-1
frame_80.png,1,1401,139,129,282,1,-1,-1,-1
frame_80.png,14,1160,725,301,355,1,-1,-1,-1
frame_80.png,5,1094,146,154,265,1,-1,-1,-1
frame_80.png,27,1656,496,260,442,1,-1,-1,-1
frame_80.png,2,735,175,195,422,1,-1,-1,-1
frame_80.png,15,755,428,240,486,1,-1,-1,-1
frame_80.png,7,855,36,148,319,1,-1,-1,-1
frame_80.png,8,1103,24,102,235,1,-1,-1,-1
frame_80.png,16,1178,257,179,544,1,-1,-1,-1
frame_80.png,19,1442,665,270,391,1,-1,-1,-1
frame_80.png,32,1598,329,181,393,1,-1,-1,-1
frame_81.png,3,965,31,118,186,1,-1,-1,-1
frame_81.png,1,1401,139,129,282,1,-1,-1,-1
frame_81.png,14,1160,725,301,355,1,-1,-1,-1
frame_81.png,5,1094,146,154,265,1,-1,-1,-1
frame_81.png,27,1656,496,260,442,1,-1,-1,-1
frame_81.png,2,735,175,195,422,1,-1,-1,-1
frame_81.png,15,755,428,240,486,1,-1,-1,-1
frame_81.png,7,855,36,148,319,1,-1,-1,-1
frame_81.png,8,1110,18,102,235,1,-1,-1,-1
frame_81.png,16,1178,257,179,544,1,-1,-1,-1
frame_81.png,19,1435,681,270,391,1,-1,-1,-1
frame_81.png,32,1598,329,181,393,1,-1,-1,-1
frame_82.png,3,965,31,118,186,1,-1,-1,-1
frame_82.png,1,1401,139,129,282,1,-1,-1,-1
frame_82.png,14,1160,725,301,355,1,-1,-1,-1
frame_82.png,5,1094,146,154,265,1,-1,-1,-1
frame_82.png,27,1656,496,260,442,1,-1,-1,-1
frame_82.png,2,703,117,195,422,1,-1,-1,-1
frame_82.png,15,755,428,240,486,1,-1,-1,-1
frame_82.png,7,870,42,147,319,1,-1,-1,-1
frame_82.png,8,1110,18,102,235,1,-1,-1,-1
frame_82.png,16,1178,257,179,544,1,-1,-1,-1
frame_82.png,19,1435,681,270,391,1,-1,-1,-1
frame_82.png,32,1598,329,181,393,1,-1,-1,-1
frame_83.png,3,965,31,118,186,1,-1,-1,-1
frame_83.png,1,1401,139,129,282,1,-1,-1,-1
frame_83.png,14,1160,725,301,355,1,-1,-1,-1
frame_83.png,5,1094,146,154,265,1,-1,-1,-1
frame_83.png,27,1652,540,229,438,1,-1,-1,-1
frame_83.png,2,549,128,161,407,1,-1,-1,-1
frame_83.png,15,719,442,290,474,1,-1,-1,-1
frame_83.png,7,877,67,150,325,1,-1,-1,-1
frame_83.png,8,1108,31,102,235,1,-1,-1,-1
frame_83.png,16,1178,257,179,544,1,-1,-1,-1
frame_83.png,19,1435,681,270,391,1,-1,-1,-1
frame_83.png,32,1598,329,181,393,1,-1,-1,-1
frame_84.png,3,965,31,118,186,1,-1,-1,-1
frame_84.png,1,1401,139,129,282,1,-1,-1,-1
frame_84.png,14,1160,725,301,355,1,-1,-1,-1
frame_84.png,5,1094,146,154,265,1,-1,-1,-1
frame_84.png,27,1625,550,242,431,1,-1,-1,-1
frame_84.png,2,549,128,161,407,1,-1,-1,-1
frame_84.png,15,755,428,240,486,1,-1,-1,-1
frame_84.png,7,888,67,150,325,1,-1,-1,-1
frame_84.png,8,1069,88,220,147,1,-1,-1,-1
frame_84.png,16,1139,281,211,548,1,-1,-1,-1
frame_84.png,19,1435,681,270,391,1,-1,-1,-1
frame_84.png,32,1641,360,181,393,1,-1,-1,-1
frame_85.png,1,1403,151,129,280,1,-1,-1,-1
frame_85.png,14,1160,725,301,355,1,-1,-1,-1
frame_85.png,5,1094,146,154,265,1,-1,-1,-1
frame_85.png,27,1634,554,242,431,1,-1,-1,-1
frame_85.png,2,549,128,161,407,1,-1,-1,-1
frame_85.png,15,755,428,240,486,1,-1,-1,-1
frame_85.png,7,890,88,150,325,1,-1,-1,-1
frame_85.png,8,1051,92,218,147,1,-1,-1,-1
frame_85.png,16,1139,281,211,548,1,-1,-1,-1
frame_85.png,19,1435,681,270,391,1,-1,-1,-1
frame_85.png,32,1591,347,181,393,1,-1,-1,-1
frame_86.png,1,1401,139,129,282,1,-1,-1,-1
frame_86.png,14,1153,723,301,355,1,-1,-1,-1
frame_86.png,5,1094,146,154,265,1,-1,-1,-1
frame_86.png,27,1634,550,242,431,1,-1,-1,-1
frame_86.png,2,568,139,218,397,1,-1,-1,-1
frame_86.png,15,757,439,242,486,1,-1,-1,-1
frame_86.png,7,859,88,150,323,1,-1,-1,-1
frame_86.png,8,1022,103,222,149,1,-1,-1,-1
frame_86.png,16,1139,281,211,548,1,-1,-1,-1
frame_86.png,19,1433,672,270,391,1,-1,-1,-1
frame_86.png,32,1568,356,181,393,1,-1,-1,-1
frame_87.png,1,1376,103,130,280,1,-1,-1,-1
frame_87.png,14,1153,723,301,355,1,-1,-1,-1
frame_87.png,5,1234,164,152,194,1,-1,-1,-1
frame_87.png,27,1634,550,242,431,1,-1,-1,-1
frame_87.png,2,776,117,168,321,1,-1,-1,-1
frame_87.png,15,757,439,242,486,1,-1,-1,-1
frame_87.png,7,861,61,138,165,1,-1,-1,-1
frame_87.png,8,1067,53,154,244,1,-1,-1,-1
frame_87.png,16,1139,281,211,548,1,-1,-1,-1
frame_87.png,19,1433,672,270,391,1,-1,-1,-1
frame_87.png,32,1568,356,181,393,1,-1,-1,-1
frame_87.png,3,960,18,129,183,1,-1,-1,-1
frame_88.png,1,1329,79,80,188,1,-1,-1,-1
frame_88.png,14,1153,723,301,355,1,-1,-1,-1
frame_88.png,5,1322,175,148,289,1,-1,-1,-1
frame_88.png,27,1634,550,242,431,1,-1,-1,-1
frame_88.png,2,776,117,168,321,1,-1,-1,-1
frame_88.png,15,757,439,242,486,1,-1,-1,-1
frame_88.png,7,861,61,138,165,1,-1,-1,-1
frame_88.png,8,1069,35,154,244,1,-1,-1,-1
frame_88.png,16,1168,239,211,546,1,-1,-1,-1
frame_88.png,19,1433,672,270,391,1,-1,-1,-1
frame_88.png,32,1568,356,181,393,1,-1,-1,-1
frame_88.png,3,960,18,129,183,1,-1,-1,-1
frame_89.png,1,1356,97,130,278,1,-1,-1,-1
frame_89.png,14,1153,723,301,355,1,-1,-1,-1
frame_89.png,27,1634,550,242,431,1,-1,-1,-1
frame_89.png,2,776,117,168,321,1,-1,-1,-1
frame_89.png,15,757,439,242,486,1,-1,-1,-1
frame_89.png,7,861,61,138,165,1,-1,-1,-1
frame_89.png,8,1071,18,123,235,1,-1,-1,-1
frame_89.png,16,1168,239,211,546,1,-1,-1,-1
frame_89.png,19,1433,672,270,391,1,-1,-1,-1
frame_89.png,32,1568,356,181,393,1,-1,-1,-1
frame_89.png,3,960,18,129,183,1,-1,-1,-1
frame_89.png,5,1121,135,104,321,1,-1,-1,-1
frame_90.png,1,1383,112,130,280,1,-1,-1,-1
frame_90.png,14,1153,723,301,355,1,-1,-1,-1
frame_90.png,27,1668,557,240,431,1,-1,-1,-1
frame_90.png,2,821,117,168,321,1,-1,-1,-1
frame_90.png,15,757,439,242,486,1,-1,-1,-1
frame_90.png,7,861,61,138,165,1,-1,-1,-1
frame_90.png,8,1071,18,123,235,1,-1,-1,-1
frame_90.png,16,1168,239,211,546,1,-1,-1,-1
frame_90.png,19,1433,672,270,391,1,-1,-1,-1
frame_90.png,3,960,18,129,183,1,-1,-1,-1
frame_90.png,5,1134,137,123,278,1,-1,-1,-1
frame_91.png,1,1367,121,130,280,1,-1,-1,-1
frame_91.png,14,1083,653,371,425,1,-1,-1,-1
frame_91.png,27,1668,557,240,431,1,-1,-1,-1
frame_91.png,2,789,133,168,321,1,-1,-1,-1
frame_91.png,15,757,435,322,479,1,-1,-1,-1
frame_91.png,7,861,61,138,165,1,-1,-1,-1
frame_91.png,8,1071,18,123,235,1,-1,-1,-1
frame_91.png,16,1180,229,211,546,1,-1,-1,-1
frame_91.png,19,1433,672,270,391,1,-1,-1,-1
frame_91.png,3,960,18,129,183,1,-1,-1,-1
frame_91.png,5,1134,137,123,278,1,-1,-1,-1
frame_92.png,1,1388,117,130,280,1,-1,-1,-1
frame_92.png,14,1089,599,276,460,1,-1,-1,-1
frame_92.png,27,1668,557,240,431,1,-1,-1,-1
frame_92.png,2,773,139,168,321,1,-1,-1,-1
frame_92.png,15,757,435,322,479,1,-1,-1,-1
frame_92.png,7,821,44,138,165,1,-1,-1,-1
frame_92.png,8,1047,67,122,185,1,-1,-1,-1
frame_92.png,16,1180,229,211,546,1,-1,-1,-1
frame_92.png,19,1405,469,276,434,1,-1,-1,-1
frame_92.png,3,960,18,129,183,1,-1,-1,-1
frame_92.png,5,1134,137,123,278,1,-1,-1,-1
frame_93.png,1,1401,115,130,278,1,-1,-1,-1
frame_93.png,14,572,523,281,497,1,-1,-1,-1
frame_93.png,27,1595,511,331,467,1,-1,-1,-1
frame_93.png,2,755,139,168,321,1,-1,-1,-1
frame_93.png,15,753,453,321,479,1,-1,-1,-1
frame_93.png,7,839,53,138,165,1,-1,-1,-1
frame_93.png,8,1042,65,141,233,1,-1,-1,-1
frame_93.png,16,1180,229,211,546,1,-1,-1,-1
frame_93.png,19,1405,469,276,434,1,-1,-1,-1
frame_93.png,3,960,18,129,183,1,-1,-1,-1
frame_93.png,5,1171,169,132,249,1,-1,-1,-1
frame_93.png,10,1580,401,161,438,1,-1,-1,-1
frame_94.png,1,1374,108,130,280,1,-1,-1,-1
frame_94.png,14,558,338,222,456,1,-1,-1,-1
frame_94.png,27,1575,522,331,467,1,-1,-1,-1
frame_94.png,2,789,133,168,321,1,-1,-1,-1
frame_94.png,15,753,453,321,479,1,-1,-1,-1
frame_94.png,7,861,61,138,165,1,-1,-1,-1
frame_94.png,8,1051,79,163,161,1,-1,-1,-1
frame_94.png,16,1180,229,211,546,1,-1,-1,-1
frame_94.png,19,1218,484,276,434,1,-1,-1,-1
frame_94.png,3,960,18,129,183,1,-1,-1,-1
frame_94.png,5,1155,157,163,282,1,-1,-1,-1
frame_94.png,10,1388,275,143,355,1,-1,-1,-1
frame_95.png,14,617,268,222,456,1,-1,-1,-1
frame_95.png,27,1575,522,331,467,1,-1,-1,-1
frame_95.png,2,798,148,168,321,1,-1,-1,-1
frame_95.png,15,723,466,297,461,1,-1,-1,-1
frame_95.png,7,861,53,139,165,1,-1,-1,-1
frame_95.png,8,1042,97,148,222,1,-1,-1,-1
frame_95.png,16,1196,230,211,546,1,-1,-1,-1
frame_95.png,19,1196,448,276,434,1,-1,-1,-1
frame_95.png,3,960,18,129,183,1,-1,-1,-1
frame_95.png,5,1320,108,139,213,1,-1,-1,-1
frame_95.png,10,1405,166,143,355,1,-1,-1,-1
frame_96.png,1,1313,99,118,195,1,-1,-1,-1
frame_96.png,14,794,236,238,271,1,-1,-1,-1
frame_96.png,27,1579,536,331,467,1,-1,-1,-1
frame_96.png,2,579,171,251,397,1,-1,-1,-1
frame_96.png,15,735,446,297,461,1,-1,-1,-1
frame_96.png,7,861,108,138,118,1,-1,-1,-1
frame_96.png,8,1056,106,163,240,1,-1,-1,-1
frame_96.png,16,1207,229,211,546,1,-1,-1,-1
frame_96.png,19,1195,498,276,434,1,-1,-1,-1
frame_96.png,3,942,27,129,183,1,-1,-1,-1
frame_96.png,10,1405,166,143,355,1,-1,-1,-1
frame_97.png,1,1313,99,118,195,1,-1,-1,-1
frame_97.png,14,766,225,217,282,1,-1,-1,-1
frame_97.png,27,1553,536,357,470,1,-1,-1,-1
frame_97.png,2,572,180,166,389,1,-1,-1,-1
frame_97.png,15,735,446,297,461,1,-1,-1,-1
frame_97.png,7,861,108,138,118,1,-1,-1,-1
frame_97.png,8,1053,40,145,328,1,-1,-1,-1
frame_97.png,16,1232,218,192,434,1,-1,-1,-1
frame_97.png,19,1186,482,276,434,1,-1,-1,-1
frame_97.png,3,960,18,129,183,1,-1,-1,-1
frame_97.png,10,1403,162,143,355,1,-1,-1,-1
frame_98.png,1,1326,83,118,195,1,-1,-1,-1
frame_98.png,14,803,230,139,265,1,-1,-1,-1
frame_98.png,27,1553,536,357,470,1,-1,-1,-1
frame_98.png,2,728,117,143,434,1,-1,-1,-1
frame_98.png,15,735,446,297,461,1,-1,-1,-1
frame_98.png,7,861,81,138,118,1,-1,-1,-1
frame_98.png,8,1042,40,145,328,1,-1,-1,-1
frame_98.png,16,1236,241,192,434,1,-1,-1,-1
frame_98.png,19,1186,482,276,434,1,-1,-1,-1
frame_98.png,10,1394,162,143,355,1,-1,-1,-1
frame_98.png,5,1162,157,120,310,1,-1,-1,-1
frame_99.png,1,1381,90,118,195,1,-1,-1,-1
frame_99.png,14,803,212,170,319,1,-1,-1,-1
frame_99.png,27,1553,536,357,470,1,-1,-1,-1
frame_99.png,2,803,130,179,181,1,-1,-1,-1
frame_99.png,15,735,446,297,461,1,-1,-1,-1
frame_99.png,7,861,81,138,118,1,-1,-1,-1
frame_99.png,8,1042,40,145,328,1,-1,-1,-1
frame_99.png,16,1236,241,192,434,1,-1,-1,-1
frame_99.png,19,1186,482,276,434,1,-1,-1,-1
frame_99.png,10,1394,162,143,355,1,-1,-1,-1
frame_99.png,3,981,22,107,204,1,-1,-1,-1
frame_99.png,5,1153,155,130,283,1,-1,-1,-1
frame_100.png,1,1381,90,118,195,1,-1,-1,-1
frame_100.png,14,803,212,170,319,1,-1,-1,-1
frame_100.png,27,1553,536,357,470,1,-1,-1,-1
frame_100.png,2,803,130,179,181,1,-1,-1,-1
frame_100.png,15,735,446,297,461,1,-1,-1,-1
frame_100.png,7,839,56,138,118,1,-1,-1,-1
frame_100.png,8,1042,40,145,328,1,-1,-1,-1
frame_100.png,16,1236,241,192,434,1,-1,-1,-1
frame_100.png,19,1209,471,276,436,1,-1,-1,-1
frame_100.png,10,1394,162,143,355,1,-1,-1,-1
frame_100.png,3,981,22,107,204,1,-1,-1,-1
frame_100.png,5,1153,155,130,283,1,-1,-1,-1
